AL, 06, 2018090700,   , BEST,   0, 250N,  496W,  60,  990,   ,  34, NEQ,  100,   70,   40,   90, 1013,     ,  15,     ,    ,    ,    ,    ,290,   6,  FLORENCE  ,  29,    2, 1, 1, 1, 1,     34.9,   24.6,   14.5,   33.6,    1.3657,   1.5410,   1.4886,   1.4379,   1.5346,  61.6176,  61.6176,  61.6176,  61.6176
AL, 06, 2018090700,   , BEST,   0, 250N,  496W,  60,  990,   ,  50, NEQ,   40,   30,   20,   40, 1013,     ,  15,     ,    ,    ,    ,    ,290,   6,  FLORENCE  ,  29,    2, 1, 1, 1, 1,     21.6,   18.8,   16.6,   25.6,    1.3657,   1.4738,   1.4596,   1.4485,   1.4941,  61.6176,  61.6176,  61.6176,  61.6176
AL, 06, 2018090706,   , BEST,   6, 250N,  503W,  55,  992,   ,  34, NEQ,  100,   70,   40,  100, 1013,     ,  20,     ,    ,    ,    ,    ,270,   6,  FLORENCE  ,  30,    2, 1, 1, 1, 1,     36.5,   27.8,   16.1,   39.4,    1.2252,   1.4085,   1.3644,   1.3051,   1.4236,  55.7675,  55.7675,  55.7675,  55.7675
AL, 06, 2018090706,   , BEST,   6, 250N,  503W,  55,  992,   ,  50, NEQ,   40,   20,    0,   40, 1013,     ,  20,     ,    ,    ,    ,    ,270,   6,  FLORENCE  ,  30,    2, 1, 1, 0, 1,     25.7,   20.0,    0.0,   30.3,    1.2252,   1.3535,   1.4497,   1.3175,   1.3771,  55.7675,  58.4478,  55.7675,  55.7675
AL, 06, 2018090712,   , BEST,  12, 249N,  511W,  55,  993,   ,  34, NEQ,  100,   70,   40,  100, 1013,     ,  20,     ,    ,    ,    ,    ,262,   7,  FLORENCE  ,  31,    2, 1, 1, 1, 1,     38.0,   29.9,   17.0,   40.2,    1.2633,   1.4610,   1.4184,   1.3505,   1.4727,  55.2624,  55.2624,  55.2624,  55.2624
AL, 06, 2018090712,   , BEST,  12, 249N,  511W,  55,  993,   ,  50, NEQ,   40,   20,    0,   40, 1013,     ,  20,     ,    ,    ,    ,    ,262,   7,  FLORENCE  ,  31,    2, 1, 1, 0, 1,     26.4,   20.0,    0.0,   29.8,    1.2633,   1.4000,   1.5680,   1.3607,   1.4178,  55.2624,  59.3674,  55.2624,  55.2624
AL, 06, 2018090718,   , BEST,  18, 248N,  520W,  55,  993,   ,  34, NEQ,  100,   70,   40,  100, 1013,     ,  20,     ,    ,    ,    ,    ,263,   8,  FLORENCE  ,  32,    2, 1, 1, 1, 1,     37.5,   30.1,   17.3,   40.0,    1.2430,   1.4356,   1.3971,   1.3311,   1.4488,  54.8165,  54.8165,  54.8165,  54.8165
AL, 06, 2018090718,   , BEST,  18, 248N,  520W,  55,  993,   ,  50, NEQ,   30,   20,    0,   30, 1013,     ,  20,     ,    ,    ,    ,    ,263,   8,  FLORENCE  ,  32,    2, 1, 1, 0, 1,     19.3,   20.0,    0.0,   22.3,    1.2430,   1.3412,   1.5778,   1.3215,   1.3570,  54.8165,  59.5685,  54.8165,  54.8165
AL, 06, 2018090800,   , BEST,  24, 247N,  529W,  55,  993,   ,  34, NEQ,  100,   70,   40,  100, 1013,     ,  20,     ,    ,    ,    ,    ,263,   8,  FLORENCE  ,  33,    2, 1, 1, 1, 1,     37.4,   30.1,   17.3,   39.9,    1.2428,   1.4345,   1.3962,   1.3306,   1.4476,  54.8134,  54.8134,  54.8134,  54.8134
AL, 06, 2018090800,   , BEST,  24, 247N,  529W,  55,  993,   ,  50, NEQ,   30,   20,    0,   30, 1013,     ,  20,     ,    ,    ,    ,    ,263,   8,  FLORENCE  ,  33,    2, 1, 1, 0, 1,     19.3,   20.0,    0.0,   22.3,    1.2428,   1.3406,   1.5775,   1.3211,   1.3564,  54.8134,  59.5699,  54.8134,  54.8134
AL, 06, 2018090806,   , BEST,  30, 246N,  536W,  55,  993,   ,  34, NEQ,  100,   70,   40,  100, 1013,     ,  20,     ,    ,    ,    ,    ,261,   6,  FLORENCE  ,  34,    2, 1, 1, 1, 1,     38.4,   29.7,   16.6,   40.3,    1.2841,   1.4830,   1.4374,   1.3690,   1.4930,  55.7166,  55.7166,  55.7166,  55.7166
AL, 06, 2018090806,   , BEST,  30, 246N,  536W,  55,  993,   ,  50, NEQ,   30,   20,    0,   30, 1013,     ,  20,     ,    ,    ,    ,    ,261,   6,  FLORENCE  ,  34,    2, 1, 1, 0, 1,     19.5,   20.0,    0.0,   21.7,    1.2841,   1.3843,   1.5563,   1.3643,   1.3956,  55.7166,  59.1623,  55.7166,  55.7166
AL, 06, 2018090812,   , BEST,  36, 246N,  541W,  55,  992,   ,  34, NEQ,  100,   70,   40,  100, 1013,     ,  15,     ,    ,    ,    ,    ,270,   5,  FLORENCE  ,  35,    2, 1, 1, 1, 1,     37.4,   27.4,   15.4,   39.8,    1.2701,   1.4581,   1.4074,   1.3466,   1.4702,  56.7794,  56.7794,  56.7794,  56.7794
AL, 06, 2018090812,   , BEST,  36, 246N,  541W,  55,  992,   ,  50, NEQ,   30,   20,    0,   30, 1013,     ,  15,     ,    ,    ,    ,    ,270,   5,  FLORENCE  ,  35,    2, 1, 1, 0, 1,     19.1,   20.0,    0.0,   21.8,    1.2701,   1.3650,   1.4234,   1.3472,   1.3785,  56.7794,  57.9267,  56.7794,  56.7794
AL, 06, 2018090818,   , BEST,  42, 246N,  545W,  60,  989,   ,  34, NEQ,  100,   80,   40,  100, 1013,     ,  15,     ,    ,    ,    ,    ,270,   4,  FLORENCE  ,  36,    2, 1, 1, 1, 1,     34.6,   28.7,   13.3,   36.2,    1.3640,   1.5315,   1.5028,   1.4278,   1.5392,  62.9030,  62.9030,  62.9030,  62.9030
AL, 06, 2018090818,   , BEST,  42, 246N,  545W,  60,  989,   ,  50, NEQ,   30,   20,   10,   30, 1013,     ,  15,     ,    ,    ,    ,    ,270,   4,  FLORENCE  ,  36,    2, 1, 1, 1, 1,     15.9,   12.3,    6.7,   17.1,    1.3640,   1.4401,   1.4229,   1.3961,   1.4460,  62.9030,  62.9030,  62.9030,  62.9030
AL, 06, 2018090900,   , BEST,  48, 245N,  550W,  60,  989,   ,  34, NEQ,  100,   80,   50,  100, 1013,     ,  15,     ,    ,    ,    ,    ,258,   5,  FLORENCE  ,  37,    2, 1, 1, 1, 1,     34.2,   29.4,   17.3,   35.1,    1.3366,   1.5000,   1.4767,   1.4184,   1.5046,  62.2689,  62.2689,  62.2689,  62.2689
AL, 06, 2018090900,   , BEST,  48, 245N,  550W,  60,  989,   ,  50, NEQ,   30,   20,   15,   30, 1013,     ,  15,     ,    ,    ,    ,    ,258,   5,  FLORENCE  ,  37,    2, 1, 1, 1, 1,     15.9,   13.2,   10.6,   16.6,    1.3366,   1.4119,   1.3990,   1.3866,   1.4154,  62.2689,  62.2689,  62.2689,  62.2689
AL, 06, 2018090906,   , BEST,  54, 244N,  555W,  60,  988,   ,  34, NEQ,  100,   90,   50,  100, 1013,     ,  15,     ,    ,    ,    ,    ,258,   5,  FLORENCE  ,  38,    2, 1, 1, 1, 1,     32.5,   32.6,   16.5,   33.4,    1.2830,   1.4316,   1.4323,   1.3579,   1.4360,  62.2668,  62.2668,  62.2668,  62.2668
AL, 06, 2018090906,   , BEST,  54, 244N,  555W,  60,  988,   ,  50, NEQ,   30,   20,   15,   30, 1013,     ,  15,     ,    ,    ,    ,    ,258,   5,  FLORENCE  ,  38,    2, 1, 1, 1, 1,     15.5,   13.0,   10.5,   16.2,    1.2830,   1.3533,   1.3417,   1.3303,   1.3567,  62.2668,  62.2668,  62.2668,  62.2668
AL, 06, 2018090912,   , BEST,  60, 244N,  561W,  65,  984,   ,  34, NEQ,  100,   90,   50,  100, 1013,     ,  10,     ,    ,    ,    ,    ,270,   5,  FLORENCE  ,  39,    3, 1, 1, 1, 1,     28.3,   28.1,   14.7,   30.0,    1.2944,   1.4149,   1.4137,   1.3562,   1.4219,  67.3584,  67.3584,  67.3584,  67.3584
AL, 06, 2018090912,   , BEST,  60, 244N,  561W,  65,  984,   ,  50, NEQ,   40,   30,   20,   40, 1013,     ,  10,     ,    ,    ,    ,    ,270,   5,  FLORENCE  ,  39,    3, 1, 1, 1, 1,     17.7,   15.6,   11.4,   19.2,    1.2944,   1.3691,   1.3602,   1.3423,   1.3754,  67.3584,  67.3584,  67.3584,  67.3584
AL, 06, 2018090912,   , BEST,  60, 244N,  561W,  65,  984,   ,  64, NEQ,   10,    0,    0,    0, 1013,     ,  10,     ,    ,    ,    ,    ,270,   5,  FLORENCE  ,  39,    3, 1, 0, 0, 0,      8.5,    0.0,    0.0,    0.0,    1.2944,   1.3302,   1.3116,   1.3116,   1.3116,  67.3584,  67.3584,  67.3584,  67.3584
AL, 06, 2018090918,   , BEST,  66, 244N,  567W,  70,  979,   ,  34, NEQ,  110,  100,   50,  110, 1013,     ,  10,     ,    ,    ,    ,    ,270,   5,  FLORENCE  ,  40,    3, 1, 1, 1, 1,     28.3,   27.9,   12.6,   29.7,    1.2936,   1.4045,   1.4032,   1.3426,   1.4103,  72.9139,  72.9139,  72.9139,  72.9139
AL, 06, 2018090918,   , BEST,  66, 244N,  567W,  70,  979,   ,  50, NEQ,   40,   30,   20,   40, 1013,     ,  10,     ,    ,    ,    ,    ,270,   5,  FLORENCE  ,  40,    3, 1, 1, 1, 1,     15.2,   13.0,    9.2,   16.3,    1.2936,   1.3527,   1.3442,   1.3295,   1.3571,  72.9139,  72.9139,  72.9139,  72.9139
AL, 06, 2018090918,   , BEST,  66, 244N,  567W,  70,  979,   ,  64, NEQ,   15,   10,   10,   15, 1013,     ,  10,     ,    ,    ,    ,    ,270,   5,  FLORENCE  ,  40,    3, 1, 1, 1, 1,      9.4,   10.0,   10.0,   10.6,    1.2936,   1.3299,   1.3641,   1.4101,   1.3348,  72.9139,  73.7892,  75.0406,  72.9139
AL, 06, 2018091000,   , BEST,  72, 245N,  573W,  80,  973,   ,  34, NEQ,  110,  100,   60,  110, 1013,     ,  10,     ,    ,    ,    ,    ,280,   6,  FLORENCE  ,  41,    3, 1, 1, 1, 1,     27.0,   25.8,   14.6,   28.4,    1.4585,   1.5618,   1.5571,   1.5142,   1.5676,  83.9755,  83.9755,  83.9755,  83.9755
AL, 06, 2018091000,   , BEST,  72, 245N,  573W,  80,  973,   ,  50, NEQ,   40,   30,   20,   40, 1013,     ,  10,     ,    ,    ,    ,    ,280,   6,  FLORENCE  ,  41,    3, 1, 1, 1, 1,     13.5,   10.9,    7.7,   14.4,    1.4585,   1.5098,   1.4999,   1.4877,   1.5135,  83.9755,  83.9755,  83.9755,  83.9755
AL, 06, 2018091000,   , BEST,  72, 245N,  573W,  80,  973,   ,  64, NEQ,   20,   15,   10,   20, 1013,     ,  10,     ,    ,    ,    ,    ,280,   6,  FLORENCE  ,  41,    3, 1, 1, 1, 1,      9.7,    8.3,    6.2,   10.7,    1.4585,   1.4955,   1.4899,   1.4819,   1.4991,  83.9755,  83.9755,  83.9755,  83.9755
AL, 06, 2018091006,   , BEST,  78, 247N,  584W,  90,  967,   ,  34, NEQ,  110,  110,   60,  110, 1013,     ,   5,     ,    ,    ,    ,    ,281,  10,  FLORENCE  ,  42,    3, 1, 1, 1, 1,     25.1,   27.5,   14.1,   26.8,    1.5486,   1.6413,   1.6504,   1.6007,   1.6477,  92.7931,  92.7931,  92.7931,  92.7931
AL, 06, 2018091006,   , BEST,  78, 247N,  584W,  90,  967,   ,  50, NEQ,   40,   30,   20,   40, 1013,     ,   5,     ,    ,    ,    ,    ,281,  10,  FLORENCE  ,  42,    3, 1, 1, 1, 1,     12.0,    9.9,    7.1,   13.1,    1.5486,   1.5929,   1.5850,   1.5748,   1.5968,  92.7931,  92.7931,  92.7931,  92.7931
AL, 06, 2018091006,   , BEST,  78, 247N,  584W,  90,  967,   ,  64, NEQ,   20,   15,   10,   20, 1013,     ,   5,     ,    ,    ,    ,    ,281,  10,  FLORENCE  ,  42,    3, 1, 1, 1, 1,      8.3,    7.1,    5.3,    9.1,    1.5486,   1.5790,   1.5745,   1.5681,   1.5822,  92.7931,  92.7931,  92.7931,  92.7931
AL, 06, 2018091012,   , BEST,  84, 249N,  595W, 105,  954,   ,  34, NEQ,  120,  110,   70,  120, 1013,     ,   5,     ,    ,    ,    ,    ,281,  10,  FLORENCE  ,  43,    3, 1, 1, 1, 1,     25.9,   24.9,   15.2,   27.3,    1.6803,   1.7688,   1.7653,   1.7321,   1.7735, 109.4668, 109.4668, 109.4668, 109.4668
AL, 06, 2018091012,   , BEST,  84, 249N,  595W, 105,  954,   ,  50, NEQ,   50,   40,   30,   50, 1013,     ,   5,     ,    ,    ,    ,    ,281,  10,  FLORENCE  ,  43,    3, 1, 1, 1, 1,     13.8,   11.7,    9.3,   14.7,    1.6803,   1.7273,   1.7203,   1.7118,   1.7303, 109.4668, 109.4668, 109.4668, 109.4668
AL, 06, 2018091012,   , BEST,  84, 249N,  595W, 105,  954,   ,  64, NEQ,   25,   20,   15,   25, 1013,     ,   5,     ,    ,    ,    ,    ,281,  10,  FLORENCE  ,  43,    3, 1, 1, 1, 1,      8.9,    7.8,    6.3,    9.6,    1.6803,   1.7106,   1.7068,   1.7017,   1.7128, 109.4668, 109.4668, 109.4668, 109.4668
AL, 06, 2018091018,   , BEST,  90, 252N,  606W, 120,  940,   ,  34, NEQ,  120,  120,   80,  120, 1013,     ,   5,     ,    ,    ,    ,    ,287,  10,  FLORENCE  ,  44,    3, 1, 1, 1, 1,     24.6,   25.9,   16.6,   25.8,    1.8002,   1.8791,   1.8835,   1.8535,   1.8830, 126.0344, 126.0344, 126.0344, 126.0344
AL, 06, 2018091018,   , BEST,  90, 252N,  606W, 120,  940,   ,  50, NEQ,   60,   50,   40,   60, 1013,     ,   5,     ,    ,    ,    ,    ,287,  10,  FLORENCE  ,  44,    3, 1, 1, 1, 1,     15.7,   13.6,   11.4,   16.6,    1.8002,   1.8505,   1.8439,   1.8367,   1.8534, 126.0344, 126.0344, 126.0344, 126.0344
AL, 06, 2018091018,   , BEST,  90, 252N,  606W, 120,  940,   ,  64, NEQ,   30,   25,   20,   30, 1013,     ,   5,     ,    ,    ,    ,    ,287,  10,  FLORENCE  ,  44,    3, 1, 1, 1, 1,      9.7,    8.6,    7.3,   10.4,    1.8002,   1.8314,   1.8278,   1.8237,   1.8334, 126.0344, 126.0344, 126.0344, 126.0344
AL, 06, 2018091100,   , BEST,  96, 256N,  618W, 115,  944,   ,  34, NEQ,  130,  130,   90,  130, 1013,     ,  10,     ,    ,    ,    ,    ,290,  12,  FLORENCE  ,  45,    3, 1, 1, 1, 1,     26.9,   28.5,   19.2,   28.6,    1.7260,   1.8146,   1.8199,   1.7891,   1.8199, 119.9817, 119.9817, 119.9817, 119.9817
AL, 06, 2018091100,   , BEST,  96, 256N,  618W, 115,  944,   ,  50, NEQ,   60,   60,   50,   60, 1013,     ,  10,     ,    ,    ,    ,    ,290,  12,  FLORENCE  ,  45,    3, 1, 1, 1, 1,     15.7,   16.8,   14.8,   16.8,    1.7260,   1.7774,   1.7811,   1.7746,   1.7811, 119.9817, 119.9817, 119.9817, 119.9817
AL, 06, 2018091100,   , BEST,  96, 256N,  618W, 115,  944,   ,  64, NEQ,   35,   30,   25,   35, 1013,     ,  10,     ,    ,    ,    ,    ,290,  12,  FLORENCE  ,  45,    3, 1, 1, 1, 1,     11.6,   10.6,    9.6,   12.5,    1.7260,   1.7640,   1.7608,   1.7575,   1.7671, 119.9817, 119.9817, 119.9817, 119.9817
AL, 06, 2018091106,   , BEST, 102, 260N,  632W, 115,  950,   ,  34, NEQ,  130,  130,   90,  140, 1013,     ,  15,     ,    ,    ,    ,    ,288,  13,  FLORENCE  ,  46,    3, 1, 1, 1, 1,     30.7,   32.6,   22.0,   35.7,    1.8687,   1.9802,   1.9871,   1.9486,   1.9984, 119.2899, 119.2899, 119.2899, 119.2899
AL, 06, 2018091106,   , BEST, 102, 260N,  632W, 115,  950,   ,  50, NEQ,   60,   60,   50,   60, 1013,     ,  15,     ,    ,    ,    ,    ,288,  13,  FLORENCE  ,  46,    3, 1, 1, 1, 1,     17.4,   18.7,   16.5,   18.6,    1.8687,   1.9318,   1.9366,   1.9286,   1.9362, 119.2899, 119.2899, 119.2899, 119.2899
AL, 06, 2018091106,   , BEST, 102, 260N,  632W, 115,  950,   ,  64, NEQ,   35,   30,   25,   35, 1013,     ,  15,     ,    ,    ,    ,    ,288,  13,  FLORENCE  ,  46,    3, 1, 1, 1, 1,     12.6,   11.6,   10.5,   13.6,    1.8687,   1.9144,   1.9108,   1.9067,   1.9179, 119.2899, 119.2899, 119.2899, 119.2899
AL, 06, 2018091112,   , BEST, 108, 265N,  647W, 125,  947,   ,  34, NEQ,  140,  130,   90,  120, 1013,     ,  15,     ,    ,    ,    ,    ,290,  14,  FLORENCE  ,  47,    3, 1, 1, 1, 1,     37.1,   35.5,   24.0,   32.1,    2.1168,   2.2594,   2.2530,   2.2088,   2.2401, 129.9518, 129.9518, 129.9518, 129.9518
AL, 06, 2018091112,   , BEST, 108, 265N,  647W, 125,  947,   ,  50, NEQ,   70,   60,   50,   70, 1013,     ,  15,     ,    ,    ,    ,    ,290,  14,  FLORENCE  ,  47,    3, 1, 1, 1, 1,     22.1,   19.7,   17.2,   23.4,    2.1168,   2.2016,   2.1923,   2.1828,   2.2066, 129.9518, 129.9518, 129.9518, 129.9518
AL, 06, 2018091112,   , BEST, 108, 265N,  647W, 125,  947,   ,  64, NEQ,   40,   35,   35,   40, 1013,     ,  15,     ,    ,    ,    ,    ,290,  14,  FLORENCE  ,  47,    3, 1, 1, 1, 1,     15.0,   13.9,   15.0,   16.1,    2.1168,   2.1744,   2.1701,   2.1743,   2.1783, 129.9518, 129.9518, 129.9518, 129.9518
AL, 06, 2018091118,   , BEST, 114, 272N,  664W, 130,  937,   ,  34, NEQ,  150,  130,  100,  140, 1013,     ,  10,     ,    ,    ,    ,    ,295,  17,  FLORENCE  ,  48,    3, 1, 1, 1, 1,     35.4,   31.0,   24.0,   34.4,    1.9725,   2.0979,   2.0820,   2.0571,   2.0942, 134.6105, 134.6105, 134.6105, 134.6105
AL, 06, 2018091118,   , BEST, 114, 272N,  664W, 130,  937,   ,  50, NEQ,   80,   60,   50,   70, 1013,     ,  10,     ,    ,    ,    ,    ,295,  17,  FLORENCE  ,  48,    3, 1, 1, 1, 1,     22.8,   17.4,   15.4,   20.9,    1.9725,   2.0529,   2.0338,   2.0269,   2.0465, 134.6105, 134.6105, 134.6105, 134.6105
AL, 06, 2018091118,   , BEST, 114, 272N,  664W, 130,  937,   ,  64, NEQ,   50,   40,   40,   45, 1013,     ,  10,     ,    ,    ,    ,    ,295,  17,  FLORENCE  ,  48,    3, 1, 1, 1, 1,     17.1,   14.3,   15.7,   16.5,    1.9725,   2.0328,   2.0230,   2.0279,   2.0306, 134.6105, 134.6105, 134.6105, 134.6105
AL, 06, 2018091200,   , BEST, 120, 279N,  681W, 120,  943,   ,  34, NEQ,  150,  130,  100,  140, 1013,     ,  10,     ,    ,    ,    ,    ,295,  17,  FLORENCE  ,  49,    3, 1, 1, 1, 1,     34.1,   30.0,   23.4,   33.4,    1.8035,   1.9270,   1.9119,   1.8879,   1.9244, 123.5314, 123.5314, 123.5314, 123.5314
AL, 06, 2018091200,   , BEST, 120, 279N,  681W, 120,  943,   ,  50, NEQ,   80,   60,   50,   70, 1013,     ,  10,     ,    ,    ,    ,    ,295,  17,  FLORENCE  ,  49,    3, 1, 1, 1, 1,     22.3,   17.2,   15.5,   20.8,    1.8035,   1.8841,   1.8654,   1.8593,   1.8785, 123.5314, 123.5314, 123.5314, 123.5314
AL, 06, 2018091200,   , BEST, 120, 279N,  681W, 120,  943,   ,  64, NEQ,   50,   45,   40,   45, 1013,     ,  10,     ,    ,    ,    ,    ,295,  17,  FLORENCE  ,  49,    3, 1, 1, 1, 1,     17.1,   16.5,   16.2,   16.8,    1.8035,   1.8652,   1.8629,   1.8620,   1.8639, 123.5314, 123.5314, 123.5314, 123.5314
AL, 06, 2018091206,   , BEST, 126, 287N,  695W, 115,  945,   ,  34, NEQ,  150,  140,  110,  140, 1013,     ,  15,     ,    ,    ,    ,    ,303,  15,  FLORENCE  ,  50,    3, 1, 1, 1, 1,     33.5,   32.1,   25.7,   33.1,    1.7144,   1.8377,   1.8323,   1.8087,   1.8361, 118.7067, 118.7067, 118.7067, 118.7067
AL, 06, 2018091206,   , BEST, 126, 287N,  695W, 115,  945,   ,  50, NEQ,   80,   65,   60,   70, 1013,     ,  15,     ,    ,    ,    ,    ,303,  15,  FLORENCE  ,  50,    3, 1, 1, 1, 1,     22.2,   18.4,   18.8,   20.9,    1.7144,   1.7957,   1.7818,   1.7831,   1.7908, 118.7067, 118.7067, 118.7067, 118.7067
AL, 06, 2018091206,   , BEST, 126, 287N,  695W, 115,  945,   ,  64, NEQ,   60,   50,   40,   50, 1013,     ,  15,     ,    ,    ,    ,    ,303,  15,  FLORENCE  ,  50,    3, 1, 1, 1, 1,     21.1,   18.3,   16.3,   19.2,    1.7144,   1.7916,   1.7816,   1.7740,   1.7846, 118.7067, 118.7067, 118.7067, 118.7067
AL, 06, 2018091212,   , BEST, 132, 294N,  707W, 115,  945,   ,  34, NEQ,  150,  140,  110,  130, 1013,     ,  15,     ,    ,    ,    ,    ,304,  13,  FLORENCE  ,  51,    3, 1, 1, 1, 1,     34.5,   32.8,   26.0,   30.6,    1.7385,   1.8689,   1.8625,   1.8366,   1.8543, 119.5398, 119.5398, 119.5398, 119.5398
AL, 06, 2018091212,   , BEST, 132, 294N,  707W, 115,  945,   ,  50, NEQ,   90,   80,   60,   70, 1013,     ,  15,     ,    ,    ,    ,    ,304,  13,  FLORENCE  ,  51,    3, 1, 1, 1, 1,     26.1,   23.8,   18.8,   21.1,    1.7385,   1.8370,   1.8284,   1.8094,   1.8181, 119.5398, 119.5398, 119.5398, 119.5398
AL, 06, 2018091212,   , BEST, 132, 294N,  707W, 115,  945,   ,  64, NEQ,   60,   60,   40,   50, 1013,     ,  15,     ,    ,    ,    ,    ,304,  13,  FLORENCE  ,  51,    3, 1, 1, 1, 1,     21.4,   22.7,   16.2,   19.3,    1.7385,   1.8194,   1.8241,   1.7996,   1.8112, 119.5398, 119.5398, 119.5398, 119.5398
AL, 06, 2018091218,   , BEST, 138, 304N,  719W, 110,  949,   ,  34, NEQ,  170,  140,  110,  140, 1013,     ,  15,     ,    ,    ,    ,    ,314,  14,  FLORENCE  ,  52,    3, 1, 1, 1, 1,     41.4,   32.5,   26.3,   34.8,    1.6581,   1.8210,   1.7859,   1.7612,   1.7948, 113.2547, 113.2547, 113.2547, 113.2547
AL, 06, 2018091218,   , BEST, 138, 304N,  719W, 110,  949,   ,  50, NEQ,   90,   80,   60,   70, 1013,     ,  15,     ,    ,    ,    ,    ,314,  14,  FLORENCE  ,  52,    3, 1, 1, 1, 1,     26.3,   23.8,   19.3,   21.9,    1.6581,   1.7615,   1.7514,   1.7337,   1.7438, 113.2547, 113.2547, 113.2547, 113.2547
AL, 06, 2018091218,   , BEST, 138, 304N,  719W, 110,  949,   ,  64, NEQ,   60,   60,   40,   50, 1013,     ,  15,     ,    ,    ,    ,    ,314,  14,  FLORENCE  ,  52,    3, 1, 1, 1, 1,     21.9,   22.9,   16.9,   20.4,    1.6581,   1.7439,   1.7480,   1.7244,   1.7378, 113.2547, 113.2547, 113.2547, 113.2547
AL, 06, 2018091300,   , BEST, 144, 315N,  732W, 105,  955,   ,  34, NEQ,  170,  140,  110,  140, 1013,     ,  20,     ,    ,    ,    ,    ,315,  16,  FLORENCE  ,  53,    3, 1, 1, 1, 1,     44.0,   34.8,   28.3,   37.4,    1.6399,   1.8274,   1.7879,   1.7599,   1.7987, 107.2241, 107.2241, 107.2241, 107.2241
AL, 06, 2018091300,   , BEST, 144, 315N,  732W, 105,  955,   ,  50, NEQ,  110,   80,   70,   80, 1013,     ,  20,     ,    ,    ,    ,    ,315,  16,  FLORENCE  ,  53,    3, 1, 1, 1, 1,     35.8,   25.3,   24.9,   27.6,    1.6399,   1.7922,   1.7471,   1.7456,   1.7568, 107.2241, 107.2241, 107.2241, 107.2241
AL, 06, 2018091300,   , BEST, 144, 315N,  732W, 105,  955,   ,  64, NEQ,   70,   60,   50,   60, 1013,     ,  20,     ,    ,    ,    ,    ,315,  16,  FLORENCE  ,  53,    3, 1, 1, 1, 1,     27.8,   24.5,   23.6,   27.0,    1.6399,   1.7577,   1.7437,   1.7400,   1.7545, 107.2241, 107.2241, 107.2241, 107.2241
AL, 06, 2018091306,   , BEST, 150, 324N,  742W, 100,  955,   ,  34, NEQ,  170,  150,  110,  140, 1013,     ,  20,     ,    ,    ,    ,    ,317,  12,  FLORENCE  ,  54,    3, 1, 1, 1, 1,     42.1,   36.3,   26.5,   35.5,    1.5125,   1.6896,   1.6650,   1.6234,   1.6615, 102.9732, 102.9732, 102.9732, 102.9732
AL, 06, 2018091306,   , BEST, 150, 324N,  742W, 100,  955,   ,  50, NEQ,  100,   90,   70,   80, 1013,     ,  20,     ,    ,    ,    ,    ,317,  12,  FLORENCE  ,  54,    3, 1, 1, 1, 1,     31.1,   28.3,   24.1,   26.8,    1.5125,   1.6427,   1.6311,   1.6130,   1.6247, 102.9732, 102.9732, 102.9732, 102.9732
AL, 06, 2018091306,   , BEST, 150, 324N,  742W, 100,  955,   ,  64, NEQ,   70,   60,   50,   60, 1013,     ,  20,     ,    ,    ,    ,    ,317,  12,  FLORENCE  ,  54,    3, 1, 1, 1, 1,     27.8,   24.3,   23.4,   27.0,    1.5125,   1.6288,   1.6143,   1.6104,   1.6257, 102.9732, 102.9732, 102.9732, 102.9732
AL, 06, 2018091312,   , BEST, 156, 331N,  751W,  95,  954,   ,  34, NEQ,  170,  150,  120,  140, 1013,     ,  20,     ,    ,    ,    ,    ,313,  10,  FLORENCE  ,  55,    3, 1, 1, 1, 1,     38.6,   33.4,   27.2,   32.3,    1.3549,   1.5107,   1.4895,   1.4643,   1.4850,  98.2996,  98.2996,  98.2996,  98.2996
AL, 06, 2018091312,   , BEST, 156, 331N,  751W,  95,  954,   ,  50, NEQ,  100,   90,   80,   80, 1013,     ,  20,     ,    ,    ,    ,    ,313,  10,  FLORENCE  ,  55,    3, 1, 1, 1, 1,     29.4,   27.1,   27.0,   25.3,    1.3549,   1.4734,   1.4637,   1.4634,   1.4567,  98.2996,  98.2996,  98.2996,  98.2996
AL, 06, 2018091312,   , BEST, 156, 331N,  751W,  95,  954,   ,  64, NEQ,   70,   60,   50,   60, 1013,     ,  20,     ,    ,    ,    ,    ,313,  10,  FLORENCE  ,  55,    3, 1, 1, 1, 1,     27.3,   24.2,   23.4,   26.6,    1.3549,   1.4645,   1.4519,   1.4490,   1.4620,  98.2996,  98.2996,  98.2996,  98.2996
AL, 06, 2018091318,   , BEST, 162, 336N,  760W,  90,  953,   ,  34, NEQ,  170,  150,  120,  140, 1013,     ,  20,     ,    ,    ,    ,    ,304,   9,  FLORENCE  ,  56,    3, 1, 1, 1, 1,     34.8,   30.4,   24.8,   28.7,    1.2009,   1.3345,   1.3172,   1.2955,   1.3105,  93.3260,  93.3260,  93.3260,  93.3260
AL, 06, 2018091318,   , BEST, 162, 336N,  760W,  90,  953,   ,  50, NEQ,  100,   90,   80,   80, 1013,     ,  20,     ,    ,    ,    ,    ,304,   9,  FLORENCE  ,  56,    3, 1, 1, 1, 1,     27.7,   26.1,   26.1,   23.7,    1.2009,   1.3069,   1.3006,   1.3007,   1.2914,  93.3260,  93.3260,  93.3260,  93.3260
AL, 06, 2018091318,   , BEST, 162, 336N,  760W,  90,  953,   ,  64, NEQ,   70,   60,   50,   60, 1013,     ,  20,     ,    ,    ,    ,    ,304,   9,  FLORENCE  ,  56,    3, 1, 1, 1, 1,     26.9,   24.6,   24.1,   26.3,    1.2009,   1.3036,   1.2948,   1.2930,   1.3015,  93.3260,  93.3260,  93.3260,  93.3260
AL, 06, 2018091400,   , BEST, 168, 340N,  765W,  90,  952,   ,  34, NEQ,  170,  150,  130,  100, 1013,     ,  20,     ,    ,    ,    ,    ,314,   6,  FLORENCE  ,  57,    3, 1, 1, 1, 1,     35.9,   30.4,   27.0,   17.9,    1.2232,   1.3622,   1.3406,   1.3276,   1.2919,  94.9678,  94.9678,  94.9678,  94.9678
AL, 06, 2018091400,   , BEST, 168, 340N,  765W,  90,  952,   ,  50, NEQ,  100,   80,   80,   70, 1013,     ,  20,     ,    ,    ,    ,    ,314,   6,  FLORENCE  ,  57,    3, 1, 1, 1, 1,     28.4,   22.2,   24.9,   20.1,    1.2232,   1.3330,   1.3085,   1.3192,   1.3005,  94.9678,  94.9678,  94.9678,  94.9678
AL, 06, 2018091400,   , BEST, 168, 340N,  765W,  90,  952,   ,  64, NEQ,   70,   60,   50,   50, 1013,     ,  20,     ,    ,    ,    ,    ,314,   6,  FLORENCE  ,  57,    3, 1, 1, 1, 1,     27.4,   24.0,   22.4,   21.1,    1.2232,   1.3291,   1.3156,   1.3096,   1.3045,  94.9678,  94.9678,  94.9678,  94.9678
AL, 06, 2018091406,   , BEST, 174, 342N,  772W,  85,  952,   ,  34, NEQ,  170,  150,  130,  100, 1013,     ,  20,     ,    ,    ,    ,    ,289,   6,  FLORENCE  ,  58,    3, 1, 1, 1, 1,     32.3,   28.6,   25.2,   15.5,    1.0795,   1.1985,   1.1845,   1.1719,   1.1359,  89.2142,  89.2142,  89.2142,  89.2142
AL, 06, 2018091406,   , BEST, 174, 342N,  772W,  85,  952,   ,  50, NEQ,  100,   80,   80,   70, 1013,     ,  20,     ,    ,    ,    ,    ,289,   6,  FLORENCE  ,  58,    3, 1, 1, 1, 1,     27.0,   22.2,   25.0,   18.7,    1.0795,   1.1785,   1.1609,   1.1710,   1.1476,  89.2142,  89.2142,  89.2142,  89.2142
AL, 06, 2018091406,   , BEST, 174, 342N,  772W,  85,  952,   ,  64, NEQ,   70,   60,   60,   50, 1013,     ,  20,     ,    ,    ,    ,    ,289,   6,  FLORENCE  ,  58,    3, 1, 1, 1, 1,     27.5,   26.0,   30.2,   20.9,    1.0795,   1.1806,   1.1749,   1.1904,   1.1560,  89.2142,  89.2142,  89.2142,  89.2142
AL, 06, 2018091412,   , BEST, 180, 341N,  779W,  80,  957,   ,  34, NEQ,  170,  150,  140,   80, 1013,     ,  25,     ,    ,    ,    ,    ,260,   6,  FLORENCE  ,  59,    3, 1, 1, 1, 1,     34.5,   31.8,   29.7,   11.3,    1.0373,   1.1679,   1.1573,   1.1493,   1.0793,  83.7957,  83.7957,  83.7957,  83.7957
AL, 06, 2018091412,   , BEST, 180, 341N,  779W,  80,  957,   ,  50, NEQ,  100,   80,   80,   40, 1013,     ,  25,     ,    ,    ,    ,    ,260,   6,  FLORENCE  ,  59,    3, 1, 1, 1, 1,     29.6,   25.8,   27.2,    9.6,    1.0373,   1.1490,   1.1345,   1.1395,   1.0730,  83.7957,  83.7957,  83.7957,  83.7957
AL, 06, 2018091412,   , BEST, 180, 341N,  779W,  80,  957,   ,  64, NEQ,   60,   60,   60,   20, 1013,     ,  25,     ,    ,    ,    ,    ,260,   6,  FLORENCE  ,  59,    3, 1, 1, 1, 1,     26.1,   32.3,   34.6,    8.0,    1.0373,   1.1356,   1.1593,   1.1683,   1.0669,  83.7957,  83.7957,  83.7957,  83.7957
AL, 06, 2018091418,   , BEST, 186, 340N,  784W,  65,  969,   ,  34, NEQ,  150,  130,  120,   70, 1013,     ,  30,     ,    ,    ,    ,    ,256,   4,  FLORENCE  ,  60,    3, 1, 1, 1, 1,     34.0,   31.7,   29.1,   10.8,    0.8710,   1.0063,   0.9969,   0.9861,   0.9128,  68.0633,  68.0633,  68.0633,  68.0633
AL, 06, 2018091418,   , BEST, 186, 340N,  784W,  65,  969,   ,  50, NEQ,   90,   70,   60,   30, 1013,     ,  30,     ,    ,    ,    ,    ,256,   4,  FLORENCE  ,  60,    3, 1, 1, 1, 1,     36.0,   32.6,   28.5,    9.6,    0.8710,   1.0143,   1.0003,   0.9838,   0.9079,  68.0633,  68.0633,  68.0633,  68.0633
AL, 06, 2018091418,   , BEST, 186, 340N,  784W,  65,  969,   ,  64, NEQ,    0,   30,   30,    0, 1013,     ,  30,     ,    ,    ,    ,    ,256,   4,  FLORENCE  ,  60,    3, 0, 1, 1, 0,      0.0,   30.0,   30.0,    0.0,    0.8710,   0.9208,   1.1619,   1.1508,   0.9157,  68.0633,  74.1761,  73.7946,  68.0633
AL, 06, 2018091500,   , BEST, 192, 339N,  788W,  60,  978,   ,  34, NEQ,  150,  150,  100,   60, 1013,     ,  30,     ,    ,    ,    ,    ,253,   3,  FLORENCE  ,  61,    2, 1, 1, 1, 1,     45.5,   52.0,   29.2,   12.0,    0.9386,   1.1491,   1.1799,   1.0722,   0.9925,  63.0158,  63.0158,  63.0158,  63.0158
AL, 06, 2018091500,   , BEST, 192, 339N,  788W,  60,  978,   ,  50, NEQ,   70,   70,   50,   30, 1013,     ,  30,     ,    ,    ,    ,    ,253,   3,  FLORENCE  ,  61,    2, 1, 1, 1, 1,     34.7,   43.5,   30.8,   13.2,    0.9386,   1.0979,   1.1394,   1.0799,   0.9976,  63.0158,  63.0158,  63.0158,  63.0158
AL, 06, 2018091506,   , BEST, 198, 337N,  793W,  55,  986,   ,  34, NEQ,  150,  150,   90,   50, 1013,     ,  50,     ,    ,    ,    ,    ,244,   5,  FLORENCE  ,  62,    2, 1, 1, 1, 1,     58.9,   69.8,   34.3,   12.5,    0.9865,   1.3033,   1.3622,   1.1692,   1.0516,  56.7405,  56.7405,  56.7405,  56.7405
AL, 06, 2018091506,   , BEST, 198, 337N,  793W,  55,  986,   ,  50, NEQ,   70,   70,    0,    0, 1013,     ,  50,     ,    ,    ,    ,    ,244,   5,  FLORENCE  ,  62,    2, 1, 1, 0, 0,     47.4,   70.0,    0.0,    0.0,    0.9865,   1.2404,   1.4689,   1.0933,   1.1005,  56.7405,  59.3258,  56.7405,  56.7405
AL, 06, 2018091512,   , BEST, 204, 336N,  795W,  55,  992,   ,  34, NEQ,  150,  130,   80,   40, 1013,     ,  60,     ,    ,    ,    ,    ,239,   2,  FLORENCE  ,  63,    2, 1, 1, 1, 1,     74.8,   66.3,   35.1,   13.6,    1.3517,   1.8713,   1.8117,   1.5934,   1.4442,  58.5762,  58.5762,  58.5762,  58.5762
AL, 06, 2018091512,   , BEST, 204, 336N,  795W,  55,  992,   ,  50, NEQ,   60,  100,    0,    0, 1013,     ,  60,     ,    ,    ,    ,    ,239,   2,  FLORENCE  ,  63,    2, 1, 1, 0, 0,     43.4,   89.5,    0.0,    0.0,    1.3517,   1.6517,   1.9737,   1.5791,   1.5405,  58.5762,  58.5762,  58.5762,  58.5762
AL, 06, 2018091518,   , BEST, 210, 336N,  798W,  50,  997,   ,  34, NEQ,  140,  130,    0,    0, 1013,     , 110,     ,    ,    ,    ,    ,270,   3,  FLORENCE  ,  64,    2, 1, 1, 1, 1,     80.0,   78.6,   36.4,   32.8,    1.4298,   2.0825,   2.0705,   1.7249,   1.6952,  52.5845,  52.5845,  52.5845,  52.5845
AL, 06, 2018091518,   , BEST, 210, 336N,  798W,  50,  997,   ,  50, NEQ,    0,  110,    0,    0, 1013,     , 110,     ,    ,    ,    ,    ,270,   3,  FLORENCE  ,  64,    2, 0, 1, 0, 0,      0.0,  110.0,    0.0,    0.0,    1.4298,   1.8776,   2.6596,   1.8776,   1.8776,  52.5845,  57.2063,  52.5845,  52.5845
AL, 06, 2018091600,   , BEST, 216, 336N,  802W,  45,  998,   ,  34, NEQ,  130,  130,    0,    0, 1013,     , 110,     ,    ,    ,    ,    ,270,   3,  FLORENCE  ,  65,    1, 1, 1, 1, 1,     77.0,   87.4,   41.8,   34.4,    1.1894,   1.7888,   1.8692,   1.5132,   1.4550,  46.4386,  46.4386,  46.4386,  46.4386
AL, 06, 2018091606,   , BEST, 222, 336N,  808W,  40,  999,   ,  34, NEQ,  130,  130,    0,    0, 1013,     , 110,     ,    ,    ,    ,    ,270,   5,  FLORENCE  ,  66,    1, 1, 1, 1, 1,     85.9,  130.0,   35.9,   42.4,    0.9383,   1.5665,   1.9062,   1.2001,   1.2478,  39.8466,  40.2268,  39.8466,  39.8466
